image: room_with_tags_processed.pgm
mode: trinary
resolution: 0.02
origin: [-5.657699503119386, -9.091843834770007, 0.0]
negate: 0
occupied_thresh: 0.65
free_thresh: 0.25
